version https://git-lfs.github.com/spec/v1
oid sha256:d11bc9bceb220826db0fb6633326e76cc37486d1193a92c5dd34e7f846ffb83f
size 613129
